944
76
364
179
113
315
677
74
948
461
395
220
761
231
49
992
689
356
299
145
884
461
124
255
652
167
393
890
796
345
556
106
415
532
406
637
21
336
14
266
866
314
186
284
26
184
61
572
943
444
738
842
744
423
143
770
979
561
730
294
50
223
945
141
946
685
836
716
680
3
629
867
179
397
549
666
218
359
700
276
402
241
346
160
158
179
498
418
100
323
330
742
187
35
580
589
578
337
729
449
151
207
497
739
259
474
877
703
388
921
705
918
43
962
567
410
379
663
632
168
787
177
894
813
893
664
146
524
228
589
971
864
79
903
926
27
927
962
140
174
200
211
488
926
11
592
582
812
929
360
895
450
838
501
411
480
427
189
352
853
842
846
677
881
629
149
258
590
170
1000
877
271
418
855
403
837
903
23
862
523
659
480
363
716
930
523
271
201
252
114
322
928
802
80
870
463
673
405
831
674
124
768
420
801
669
106
256
38
301
435
959
912
72
365
930
241
704
772
625
249
905
849
237
419
584
337
398
16
230
64
171
848
278
65
389
651
434
458
77
761
553
929
560
83
879
156
624
183
119
769
994
307
125
430
229
429
667
495
107
37
156
246
457
183
956
126
422
504
304
490
133
323
807
410
780
651
814
713
197
888
41
980
130
296
231
505
520
865
687
271
271
13
80
839
218
688
24
691
164
797
483
971
198
622
290
726
715
765
697
771
947
442
87
1
129
470
748
555
812
52
848
487
255
574
596
783
292
980
879
331
500
932
533
213
67
880
845
46
232
380
753
364
800
479
726
20
787
748
277
373
935
605
574
571
446
885
694
618
26
224
644
16
39
742
379
677
324
635
708
498
29
790
165
485
639
239
615
499
210
302
630
796
731
546
423
318
419
303
457
271
734
310
661
942
855
198
560
816
357
983
544
48
919
390
898
2
883
872
201
125
682
396
196
677
202
672
237
902
365
276
997
93
397
284
194
589
462
378
728
188
627
75
728
641
387
712
756
826
316
989
564
13
766
470
580
113
897
171
557
131
764
486
638
153
621
29
410
59
63
669
401
806
183
859
876
577
385
692
697
317
165
475
508
140
669
477
463
928
554
497
271
958
303
253
363
778
837
196
589
638
26
236
963
731
428
68
629
149
382
197
398
963
432
541
910
53
853
472
742
394
998
477
531
237
53
186
498
336
760
381
602
615
620
735
914
940
136
471
686
528
658
802
66
280
469
31
313
808
892
450
899
211
271
692
902
738
893
79
647
290
89
562
627
361
2
269
372
415
724
361
82
892
854
806
506
992
810
976
773
167
587
428
625
736
35
84
773
396
175
61
889
473
464
775
117
645
455
604
827
507
756
299
727
814
769
518
427
432
250
398
948
47
321
785
705
460
207
833
17
829
658
998
209
638
667
45
25
206
869
631
134
529
722
109
179
896
411
773
11
216
174
373
447
217
675
850
134
732
853
467
893
91
672
135
190
243
78
572
268
575
476
74
775
611
50
119
688
649
290
708
729
158
134
328
428
239
282
737
498
742
326
237
203
687
546
9
952
495
380
152
450
147
841
459
347
809
372
658
465
631
972
788
395
428
682
602
435
669
945
432
601
746
666
732
707
823
277
586
336
636
512
868
832
501
91
317
325
447
40
791
225
826
868
80
488
976
443
249
498
502
989
132
335
540
231
746
770
920
457
663
349
485
872
9
547
971
406
656
57
728
895
320
966
283
289
779
715
188
452
97
476
867
878
829
815
195
597
401
276
375
442
522
849
229
772
265
79
469
749
662
14
584
279
27
998
999
744
977
817
812
727
50
652
977
71
147
747
30
695
509
786
565
778
825
480
462
143
146
974
555
853
671
295
776
312
162
227
45
484
694
642
108
100
645
578
318
138
433
57
839
203
193
937
109
869
767
868
474
491
666
811
758
459
372
374
250
394
190
692
964
300
146
452
282
297
858
169
106
113
89
770
367
191
760
106
375
908
470
54
792
93
277
428
149
801
278
103
738
984
783
338
389
576
277
489
133
266
158
49
975
108
163
129
45
9
807
322
238
41
639
184
972
462
45
384
162
336
431
966
610
608
60
57
942
580
528
789
980
757
818
146
921
175
180
979
962
430
601
410
94
797
456
450
634
42
84
685
661
736
364
571
978
133
89
967
354
15
860
243
820
148
462
533
510
414
238
385
88
40
694
409
111
756
734
271
758
169
234
747
268
118
319
411
47
277
623
939
859
821
32
913
748
531
880
526
312
333
337
514
765
883
788
223
745
474
310
741
220
268
994
622
931
536
702
861
719
382
91
388
823
214
128
594
619
32
75
29
606
461
967
761
418
347
853
535
492
655
704
311
585
315
702
465
742
708
798
424
444
422
850
302
628
992
324
628
966
399
577
129
320
204
949
118
548
315
501
957
905
575
7
730
141
534
964
255
14
8
735
242
324
279
669
522
808
76
919
968
160
825
990
939
232
963
519
809
947
547
598
440
843
754
41
232
198
355
336
761
603
699
692
839
466
253
478
273
428
316
603
490
831
27
804
689
413
483
665
160
183
324
136
934
989
880
751
978
622
621
258
766
471
416
361
124
581
834
361
954
727
530
989
559
528
582
451
81
925
474
715
728
327
344
350
290
602
978
857
738
624
31
227
535
514
907
666
646
841
711
795
161
989
809
380
839
637
496
605
876
766
467
171
675
927
860
84
422
532
839
755
837
805
860
234
535
633
10
712
86
978
45
146
976
689
59
802
359
545
42
742
738
69
923
803
393
237
70
412
713
471
687
665
337
443
898
444
404
53
902
10
19
638
987
413
495
869
805
268
827
55
836
947
334
547
593
975
386
698
765
506
668
470
106
28
481
33
664
121
173
898
566
932
907
987
436
221
613
774
233
312
190
54
160
964
675
185
135
242
388
660
211
752
829
691
213
160
377
79
856
820
734
4
542
422
350
555
65
60
53
738
493
756
453
422
553
507
713
194
967
181
745
362
300
120
923
421
74
149
939
131
56
802
555
2
905
962
595
348
581
785
655
313
241
739
736
200
631
814
180
200
377
481
37
162
938
784
279
325
387
3
72
77
685
731
661
631
500
782
277
194
245
352
897
660
443
991
592
8
168
452
693
698
892
278
957
10
681
984
477
964
397
53
118
684
203
592
844
308
433
320
427
349
639
818
688
172
419
353
570
708
428
372
89
740
877
744
435
181
637
150
261
541
73
600
538
384
571
881
135
960
799
940
718
346
680
579
395
370
141
560
26
314
742
218
25
885
403
919
13
244
602
270
692
923
529
812
850
318
947
25
529
80
671
885
971
101
887
865
127
29
783
256
191
166
333
879
821
399
358
805
478
299
449
503
558
890
697
880
822
628
644
76
945
64
338
495
901
267
900
484
265
563
518
275
478
339
405
295
554
695
800
698
726
450
775
52
29
648
251
412
906
989
333
631
453
770
785
671
120
832
244
815
245
660
563
162
51
310
463
516
406
33
575
776
898
532
789
282
568
589
780
83
931
405
501
15
745
344
431
578
392
970
350
47
594
164
482
950
639
871
897
3
254
465
173
937
751
88
456
85
82
296
206
539
37
251
147
717
848
293
115
616
127
151
815
682
205
215
730
178
591
298
808
189
520
32
841
885
288
602
886
501
338
805
466
538
869
557
744
62
97
806
331
628
135
491
922
266
879
622
451
179
202
762
89
279
260
210
940
465
630
970
978
584
610
111
427
359
7
551
439
151
359
318
712
361
631
349
407
390
93
507
528
588
265
997
756
310
514
607
558
255
143
228
310
524
595
931
60
443
664
451
508
33
495
343
766
180
477
185
476
934
49
180
881
127
894
212
521
454
897
905
370
398
815
537
282
9
564
707
870
297
616
502
60
143
84
538
862
28
691
663
71
551
946
283
9
629
578
261
629
576
444
63
750
691
880
400
506
851
775
871
554
646
398
266
994
977
395
23
466
642
195
999
386
422
509
164
798
305
505
52
930
37
710
763
125
923
698
148
449
845
123
347
943
824
738
165
193
23
601
960
624
6
817
568
633
242
784
517
560
277
114
216
212
752
106
94
594
457
877
663
323
895
56
318
156
431
245
268
996
950
252
362
700
76
538
753
59
466
156
261
333
348
921
22
781
494
502
519
782
74
649
357
228
378
725
228
40
229
350
333
883
26
996
179
357
729
0
52
216
799
645
679
434
26
568
538
285
451
64
50
953
56
500
399
545
766
392
42
829
294
493
96
440
809
544
609
801
984
250
426
473
942
423
799
248
804
152
52
800
30
358
713
369
523
41
192
574
488
92
758
73
410
563
812
563
70
898
669
253
457
747
905
784
583
611
25
286
673
777
733
153
917
684
228
903
18
138
105
426
53
537
162
814
726
583
41
909
982
811
25
701
80
606
434
704
646
302
30
472
910
371
547
505
373
679
967
895
349
285
443
169
419
272
840
1000
649
653
696
598
541
513
53
869
59
105
988
660
774
845
878
700
91
751
423
179
803
159
145
267
673
232
680
216
604
83
433
167
996
135
326
173
254
679
169
463
84
437
911
462
81
379
414
626
374
935
665
738
550
214
269
881
830
861
935
966
564
658
151
356
393
95
660
802
69
650
394
654
796
702
526
70
142
615
901
720
18
706
622
315
958
551
831
147
937
307
699
696
304
488
528
288
928
985
392
729
551
898
176
810
493
168
990
617
235
866
895
561
160
424
599
192
673
91
254
890
216
343
815
707
249
29
429
788
41
589
229
981
316
753
467
486
96
769
386
666
838
331
388
386
838
91
22
631
201
812
95
453
91
1000
701
709
862
108
314
454
687
208
173
320
713
367
36
656
364
850
87
735
364
629
184
887
264
668
858
949
716
846
484
63
518
442
832
466
511
578
745
584
720
97
68
454
752
937
48
199
344
176
353
58
165
576
541
259
354
628
272
850
109
820
822
437
569
96
464
688
588
229
140
346
557
157
384
480
283
171
880
638
98
180
182
606
768
222
44
500
497
780
550
3
301
456
730
646
279
26
617
171
880
942
791
202
67
871
259
595
436
12
193
118
655
464
418
349
370
132
751
957
581
329
259
875
794
410
241
220
727
559
294
191
178
95
113
584
726
491
794
51
287
606
257
650
223
547
96
778
580
918
566
121
268
188
662
801
477
372
253
519
369
160
967
142
159
230
160
809
12
482
584
355
803
521
518
587
659
873
54
665
415
18
880
683
518
544
388
323
684
406
216
329
634
559
298
432
492
947
381
259
61
205
516
726
10
217
420
368
169
53
777
84
541
737
450
822
363
666
340
764
499
549
87
735
753
128
122
620
211
67
628
802
559
859
804
798
437
767
479
498
281
376
503
680
767
518
540
759
933
978
867
57
308
650
520
223
851
507
671
810
335
42
415
461
896
666
281
574
785
824
601
788
52
550
577
179
786
483
294
555
728
362
172
828
612
473
318
44
279
475
50
292
732
610
430
344
564
311
942
630
862
845
657
832
528
710
50
159
171
210
379
155
144
731
985
717
73
33
122
827
209
83
973
439
241
699
288
812
808
636
726
571
766
555
299
753
459
666
537
65
619
770
866
692
248
833
469
967
832
199
365
430
461
27
728
837
38
588
548
900
521
566
565
733
312
674
37
178
261
405
312
479
440
3
360
24
802
324
394
245
49
531
464
61
596
274
415
686
254
314
962
996
401
311
669
136
717
879
557
484
224
841
668
629
303
56
389
546
534
75
546
729
727
379
265
635
253
935
419
439
844
330
990
759
341
797
64
693
523
28
290
274
981
817
513
164
229
162
37
226
668
738
393
427
748
228
744
377
734
395
137
695
705
407
558
293
87
352
392
658
788
634
241
117
211
355
229
166
834
675
827
911
694
556
1
767
197
292
949
696
839
691
958
335
45
799
68
573
133
654
938
334
506
571
53
532
611
158
769
419
820
345
849
867
396
432
203
415
905
358
197
283
958
130
489
922
1000
643
652
109
869
909
927
27
298
60
331
225
98
362
11
921
723
863
154
586
124
241
4
367
258
880
525
478
405
173
32
334
500
622
685
883
985
298
65
249
334
879
212
573
277
532
365
656
902
629
384
826
319
390
255
265
258
325
378
878
5
557
314
664
393
866
543
506
115
660
329
170
519
833
189
358
152
920
619
607
783
797
651
912
286
633
567
986
821
771
564
197
931
670
462
355
809
117
612
654
745
431
1
328
920
478
181
756
87
959
44
27
352
545
676
286
222
138
469
463
336
744
441
381
790
180
229
594
777
131
543
732
350
837
966
577
450
88
853
568
18
20
750
950
902
619
172
300
486
796
832
773
472
319
373
961
962
913
479
956
97
334
769
804
805
326
245
293
798
877
186
710
915
410
280
960
18
107
477
269
128
786
530
458
232
464
420
668
184
967
906
289
456
735
254
758
27
261
792
833
606
462
306
944
494
623
475
209
830
475
438
765
661
390
354
110
258
631
285
292
393
105
14
864
797
76
510
735
880
859
527
228
906
593
545
866
178
840
564
682
498
846
543
164
81
53
179
196
388
605
512
796
806
369
350
760
934
247
850
801
317
373
634
151
795
114
769
140
314
684
525
715
961
537
309
450
153
701
378
139
463
597
931
667
256
960
974
510
425
937
900
868
788
539
91
110
368
188
948
987
626
215
684
758
924
838
913
257
923
300
487
648
378
589
356
537
791
363
187
989
689
543
358
866
884
260
471
908
900
764
974
912
933
187
566
396
107
42
71
169
499
674
120
292
393
926
529
37
493
724
519
556
369
328
0
167
235
545
974
341
272
297
738
699
110
547
3
615
738
736
186
267
76
563
137
340
685
165
318
912
581
475
941
452
960
830
942
264
667
695
718
162
660
719
447
641
301
181
483
315
290
320
715
929
206
942
53
826
154
169
162
373
738
212
354
431
665
514
145
681
593
748
283
276
456
659
197
26
378
923
750
81
481
803
814
873
327
580
710
890
483
450
769
718
703
818
312
660
524
686
179
156
667
159
499
199
455
909
794
873
653
801
661
196
513
825
216
461
534
858
184
349
438
763
58
184
104
840
1
856
778
642
228
62
681
749
486
761
282
149
823
917
844
537
288
910
567
944
370
245
605
828
959
532
425
953
365
62
550
115
466
681
483
84
348
76
719
882
942
56
79
915
975
843
281
305
267
956
546
166
820
762
276
528
334
356
298
47
877
56
962
650
86
380
386
771
979
107
550
909
685
655
426
814
610
775
374
723
406
316
68
731
839
582
764
548
96
656
414
605
335
892
162
741
307
677
38
429
701
466
281
861
445
52
530
0
589
9
322
108
531
238
710
140
318
610
542
839
426
761
937
306
982
180
715
352
616
912
164
907
246
286
259
379
901
371
652
893
333
998
72
981
595
503
496
443
894
633
364
782
72
328
392
800
754
526
8
743
767
434
278
584
754
203
213
908
971
322
787
144
156
586
538
809
25
942
651
764
335
111
539
494
759
420
478
797
730
887
593
344
262
246
556
29
281
270
662
131
353
402
597
860
829
499
53
13
330
199
582
90
178
235
454
399
857
833
116
416
828
185
769
880
77
893
952
906
562
137
557
666
317
349
589
70
400
72
93
220
948
754
129
301
607
219
351
39
292
674
759
777
749
171
422
750
642
602
564
128
14
468
184
992
741
850
551
448
272
244
229
757
352
183
56
451
588
847
349
133
720
196
945
850
176
527
113
649
60
679
257
272
2
617
316
650
405
491
223
280
521
786
343
407
403
681
794
298
258
272
722
899
930
872
103
541
219
232
412
449
599
146
527
230
341
552
607
671
529
963
239
685
465
785
89
409
950
822
433
95
554
68
416
607
515
723
614
49
112
171
485
319
403
637
621
117
57
24
243
273
560
515
299
83
488
388
607
709
683
579
969
613
93
524
835
404
793
902
106
449
156
998
934
107
485
532
903
432
399
994
846
795
219
661
604
919
111
781
480
461
238
593
791
426
317
188
853
367
959
521
21
545
923
237
880
961
942
358
476
459
93
301
615
884
788
129
533
628
314
425
954
778
549
685
431
446
867
673
96
826
511
730
414
959
691
657
303
208
440
424
47
932
854
593
734
936
644
71
581
856
102
542
390
732
445
626
552
702
219
700
467
916
911
41
9
479
150
870
630
479
941
716
47
934
141
488
15
786
59
513
531
933
336
850
986
606
511
149
192
373
572
396
916
404
498
921
508
655
347
195
565
84
676
34
999
59
174
8
804
644
236
58
889
588
794
551
728
397
185
225
263
72
976
844
464
741
658
602
141
638
877
774
184
643
378
392
131
823
183
246
119
283
596
848
565
921
500
560
612
560
111
567
284
376
719
877
484
381
233
178
481
282
331
921
267
952
755
651
255
310
922
291
65
481
319
755
803
623
292
1000
101
18
747
406
382
609
962
130
220
346
193
923
487
484
1000
745
888
117
221
414
876
90
426
398
470
702
139
848
360
445
643
926
839
409
206
506
532
874
617
339
563
33
545
872
823
780
807
999
246
932
874
169
561
372
22
415
792
45
381
89
940
919
731
319
608
581
371
426
51
335
490
881
71
285
500
654
402
186
517
199
764
496
715
680
562
410
588
452
263
425
247
293
871
324
767
319
545
356
242
42
342
752
657
579
254
699
890
567
200
303
175
982
410
95
139
626
682
161
56
807
296
11
362
326
38
914
556
710
603
518
536
312
886
258
98
748
88
191
829
911
308
650
809
709
298
329
655
495
388
195
178
135
126
921
561
562
65
374
329
653
262
72
543
290
483
398
588
492
795
813
633
562
238
265
364
338
516
483
860
726
190
849
532
878
717
153
931
588
742
556
805
674
493
744
230
396
751
403
823
253
862
808
982
805
478
551
916
526
216
158
674
97
248
635
779
927
903
780
97
157
707
436
518
902
964
727
590
931
862
729
806
609
324
935
334
411
300
364
101
990
952
143
815
375
246
898
173
556
795
382
770
392
377
338
386
546
509
689
245
844
542
838
482
319
281
21
595
970
814
366
824
120
265
545
524
197
512
721
323
587
427
741
525
241
131
408
535
640
837
17
299
747
310
224
625
625
677
784
24
463
271
612
197
838
521
160
545
217
379
87
197
817
658
773
853
180
737
326
366
23
492
325
445
185
973
709
964
797
319
890
414
98
627
401
742
708
998
105
352
498
811
281
383
689
315
723
443
167
33
280
879
575
68
199
308
152
364
958
571
932
157
269
489
388
337
368
831
296
220
687
628
154
265
551
598
214
602
598
728
849
862
188
243
701
671
203
57
853
346
273
496
1000
807
678
583
474
423
829
386
783
551
535
990
238
814
10
444
149
738
859
669
9
245
163
622
69
627
123
252
723
44
625
650
145
323
517
547
712
768
372
825
822
22
974
965
888
512
803
423
413
868
358
800
281
821
233
236
597
448
478
949
700
345
928
938
233
223
886
919
497
681
711
258
649
428
649
223
713
13
501
189
763
205
526
514
93
517
317
695
682
41
260
49
731
639
580
641
644
767
907
335
344
697
771
932
446
656
403
53
443
441
770
61
717
430
812
609
880
490
435
559
690
174
945
908
545
810
239
54
327
471
280
198
218
635
38
930
949
279
404
86
813
503
273
781
729
346
373
70
530
299
186
167
691
184
735
180
669
482
863
368
92
895
102
589
111
904
154
112
307
389
518
279
707
865
828
519
605
772
11
115
95
340
466
706
445
939
66
927
695
515
980
802
165
657
927
434
873
55
759
321
197
684
938
135
551
762
812
139
184
695
360
484
744
524
432
530
634
51
357
968
792
741
231
988
978
712
78
921
288
594
584
818
180
808
55
188
953
872
824
703
257
669
327
978
961
211
730
733
349
340
8
482
479
961
150
605
220
877
219
159
408
29
805
984
313
933
594
729
594
431
588
228
739
464
781
245
6
388
958
972
830
544
655
862
638
187
194
265
139
601
158
103
127
182
625
269
9
600
977
776
374
604
114
702
90
969
486
833
619
99
390
536
440
278
667
815
780
142
23
644
81
995
916
710
15
743
130
383
148
805
958
313
798
101
101
334
998
333
298
462
968
129
946
668
916
251
902
717
565
992
40
863
298
101
38
354
394
72
376
744
438
335
496
761
618
44
596
68
287
375
597
582
858
933
405
136
838
726
703
215
565
343
164
128
987
425
162
499
665
262
739
174
20
355
884
703
732
88
902
343
102
224
977
148
184
813
885
54
378
229
151
77
282
491
871
612
592
698
826
609
893
437
504
850
340
246
118
870
314
790
733
98
327
227
184
670
638
356
554
957
276
517
569
299
417
906
467
586
354
913
531
309
631
314
716
491
244
690
531
359
216
220
626
31
255
89
310
497
655
109
606
114
81
783
266
454
381
981
630
803
103
593
64
810
2
3
270
813
352
9
664
119
605
839
592
111
518
281
222
363
627
512
474
108
634
122
546
295
66
19
183
136
313
316
49
563
27
69
260
219
661
752
391
674
852
611
28
336
252
685
256
170
348
77
307
654
803
246
953
610
862
489
136
459
393
492
770
183
204
831
568
753
405
528
301
98
680
371
872
738
529
493
158
35
727
822
687
668
467
438
772
319
921
500
958
780
237
385
227
611
337
921
713
286
171
98
319
249
549
448
9
646
17
358
266
575
735
945
593
591
759
769
786
836
673
562
114
625
27
388
459
524
617
91
947
971
254
711
582
243
304
528
934
193
919
794
954
448
612
764
631
961
539
558
271
661
598
569
852
673
273
546
95
9
946
267
593
934
268
686
568
181
61
773
651
75
129
825
315
144
321
890
497
229
140
88
249
239
235
44
226
640
115
335
181
473
523
855
649
223
9
255
468
127
352
192
836
562
670
882
108
27
252
660
697
840
350
562
989
62
457
637
385
412
872
682
231
805
670
293
624
5
565
649
817
337
515
257
243
751
355
954
937
622
176
821
518
543
644
319
757
19
979
859
102
428
836
239
550
799
907
866
638
9
670
430
365
735
336
773
361
80
719
991
693
153
450
454
251
971
673
294
820
1
128
84
557
315
322
912
792
812
288
751
767
225
326
83
204
641
942
992
320
87
182
546
248
339
468
161
653
458
1000
732
693
751
867
789
371
771
969
629
775
683
979
329
634
849
653
852
150
748
939
985
50
416
484
683
384
431
368
493
674
110
81
144
643
970
46
43
886
700
279
372
545
896
77
740
254
479
3
824
359
351
809
260
688
74
347
116
989
501
989
628
423
132
506
531
437
665
935
259
695
595
428
446
690
997
708
687
136
564
324
269
209
824
546
629
233
949
405
622
490
983
65
306
388
389
480
830
348
757
979
178
431
171
300
3
901
255
337
492
618
96
763
228
428
344
553
325
457
555
370
675
547
463
693
10
909
238
560
640
399
929
819
117
795
249
794
821
789
584
360
404
466
562
532
346
464
878
777
375
57
53
463
358
987
720
22
392
890
591
639
176
871
730
560
465
836
894
368
323
944
701
927
149
721
133
15
961
114
396
106
210
71
505
81
508
993
14
221
958
779
242
186
483
47
930
285
417
487
790
840
857
253
545
19
745
788
115
135
439
403
364
10
542
526
380
723
110
545
630
675
995
780
435
724
899
222
117
822
978
347
882
431
213
462
940
790
546
788
648
953
768
703
461
432
476
346
318
159
959
106
662
440
756
325
688
571
763
944
557
761
195
712
256
68
407
987
512
127
558
145
643
538
382
114
559
928
880
519
135
857
545
565
56
949
887
795
859
825
383
521
286
723
663
856
275
929
699
980
853
495
989
440
989
73
262
91
955
56
4
491
84
654
211
415
905
965
109
488
475
595
243
771
477
872
255
566
959
238
865
642
935
6
56
494
990
218
263
317
839
30
350
834
364
679
555
205
978
784
150
841
297
490
468
21
27
683
127
923
621
323
729
788
779
758
42
723
70
717
706
828
33
596
784
145
875
525
69
219
521
695
923
896
144
357
532
365
422
964
951
333
754
901
934
656
362
400
599
727
713
260
211
392
963
182
908
211
230
675
48
417
291
674
958
21
964
258
225
152
832
111
414
812
158
634
962
977
795
978
305
137
659
596
789
134
881
291
681
410
15
170
737
624
849
346
83
886
153
715
862
750
467
641
963
514
330
926
415
280
721
999
470
712
356
887
173
412
354
135
282
370
297
536
724
971
94
188
355
670
133
186
743
538
178
942
789
519
94
967
538
465
998
768
193
675
652
323
410
943
983
536
232
878
379
954
600
576
63
981
239
544
164
810
869
162
311
297
81
860
487
35
991
610
598
969
664
319
739
986
696
175
382
60
759
33
813
686
852
491
964
512
41
382
423
383
902
37
810
156
514
809
890
44
872
34
785
486
723
845
356
949
462
924
410
414
418
662
657
744
11
886
465
537
586
734
319
601
376
90
563
643
992
404
415
336
998
618
521
490
663
455
230
647
711
235
642
82
960
966
985
816
58
487
239
973
149
44
72
540
161
772
14
327
639
238
539
738
424
357
136
764
288
704
775
484
607
521
102
223
448
434
644
438
67
268
752
362
640
124
526
394
175
299
13
239
49
489
983
850
218
184
242
283
219
89
34
693
310
931
238
808
626
0
266
415
107
385
302
571
27
869
225
462
342
159
914
138
774
197
849
600
487
27
896
43
447
896
884
443
63
979
149
10
538
448
522
498
391
366
310
746
26
227
735
377
808
863
928
28
65
804
7
40
652
128
16
141
139
292
471
205
531
419
63
857
395
70
636
301
676
554
859
514
23
423
211
600
401
941
733
924
874
930
725
395
968
598
50
102
698
674
916
361
384
374
67
104
696
576
138
480
912
788
487
445
259
422
225
147
343
198
318
867
85
408
549
354
304
239
884
461
60
259
255
61
136
708
80
396
590
244
880
150
142
345
222
746
261
658
829
581
216
214
90
193
19
571
446
628
164
605
12
590
262
935
641
337
236
652
84
643
501
337
286
564
650
131
878
222
520
993
881
242
165
94
227
51
171
773
181
741
964
310
952
777
235
347
783
462
396
684
603
669
993
752
871
31
362
116
590
478
425
945
620
738
369
469
277
167
202
180
954
80
551
600
904
555
869
252
647
559
187
651
423
105
886
931
989
90
495
23
606
372
440
153
478
675
748
746
13
860
184
801
279
194
985
162
674
286
311
105
404
464
869
147
579
527
628
17
851
935
455
268
329
722
540
101
159
645
925
611
536
307
97
767
125
337
558
187
834
981
530
908
622
836
482
138
577
848
914
266
778
83
989
145
603
256
884
84
960
462
440
779
627
69
565
866
295
274
68
686
135
386
114
302
714
514
181
839
871
961
548
694
714
305
580
271
255
821
753
429
333
646
212
997
346
847
853
325
60
321
351
48
179
311
329
917
635
130
825
838
595
629
567
995
979
789
102
266
889
830
727
963
721
156
248
289
892
501
111
841
45
648
43
863
328
204
425
961
827
973
811
474
535
630
606
690
283
571
719
700
916
977
115
737
617
383
607
466
699
321
867
865
361
823
617
975
871
987
193
67
416
89
163
464
362
144
520
540
986
204
26
273
856
177
640
991
891
377
612
869
792
540
766
129
988
612
648
802
438
125
769
390
660
654
869
776
105
398
247
202
598
680
461
263
869
787
362
377
359
336
311
373
387
102
569
440
411
28
342
901
669
972
685
948
640
575
465
755
882
556
931
132
549
605
943
204
549
42
869
429
610
341
191
639
746
676
393
698
504
629
311
773
123
329
185
215
214
352
878
501
873
860
282
748
189
623
779
835
964
774
695
278
66
344
136
614
277
926
205
186
661
59
594
936
449
290
773
975
206
195
504
496
553
24
208
834
52
84
811
278
946
356
14
628
315
397
644
280
892
26
563
103
182
857
933
231
797
314
20
405
858
373
555
477
168
876
672
197
364
973
813
487
629
914
562
971
676
143
282
661
599
427
613
344
906
495
300
392
481
554
622
430
519
837
637
562
459
243
810
577
798
76
146
927
241
773
818
58
19
551
408
66
367
873
328
532
94
682
667
854
904
437
702
311
603
67
593
629
643
101
306
800
486
410
653
518
144
170
439
623
845
898
121
596
220
668
7
298
566
909
34
818
710
494
369
491
772
195
588
938
639
963
7
188
281
892
807
824
123
200
939
344
594
4
484
891
593
191
10
821
81
248
701
568
208
438
522
693
391
357
443
11
549
517
790
220
258
258
115
487
928
26
614
70
228
725
978
135
933
669
761
601
974
399
794
29
36
492
906
258
222
307
228
756
379
527
680
428
480
247
767
921
59
328
734
290
46
679
215
304
551
182
979
498
34
989
38
587
72
973
417
750
372
275
92
843
22
964
219
568
1
12
531
243
815
12
963
849
759
235
907
668
729
943
183
10
648
117
784
142
603
112
660
790
484
80
358
327
485
405
87
14
130
801
906
473
574
161
45
919
807
752
67
540
66
803
430
809
173
157
278
434
737
145
752
156
187
488
850
532
362
671
966
428
937
872
520
958
341
241
735
220
933
56
482
281
88
24
306
516
580
803
194
598
69
633
378
129
796
825
488
169
569
720
657
657
9
675
782
73
534
552
977
493
4
186
414
549
91
297
173
745
329
362
399
981
600
41
99
86
248
833
122
716
314
788
454
895
468
268
777
154
22
936
334
212
85
369
572
797
254
1
661
374
511
311
986
202
897
575
905
344
311
785
619
41
330
780
760
88
217
996
420
686
424
729
675
559
754
263
314
28
983
729
408
84
225
91
539
473
506
253
20
253
19
845
200
283
350
916
951
598
460
404
852
742
637
965
96
643
677
437
119
798
518
45
60
138
218
150
667
152
627
238
965
548
378
672
26
973
834
613
498
98
455
421
89
672
635
830
112
967
430
110
293
457
786
512
508
413
762
249
774
566
18
416
849
934
301
290
36
410
949
638
336
741
525
776
929
43
504
367
76
153
570
135
931
662
499
946
383
687
792
5
80
68
168
227
942
937
817
192
36
293
793
492
480
559
313
671
86
826
738
432
869
908
955
235
128
120
513
942
800
162
289
688
904
354
707
740
467
1000
506
701
29
592
878
54
893
125
297
709
609
831
770
892
823
241
315
486
447
594
425
637
350
259
918
273
178
24
71
987
665
822
204
581
812
671
852
473
604
459
545
59
514
402
770
85
911
942
75
55
625
148
429
726
346
637
900
734
231
400
423
536
93
956
946
898
803
672
478
308
81
185
721
890
694
353
683
522
166
290
427
187
534
655
416
732
311
485
158
594
807
583
813
329
185
655
156
130
133
134
865
923
842
939
351
27
63
152
516
841
373
33
648
434
400
541
329
517
726
47
698
722
342
771
590
753
57
964
107
529
986
875
940
121
327
20
325
895
963
368
883
9
994
601
673
144
258
793
764
53
19
414
236
382
489
822
76
971
561
65
605
726
176
109
179
47
15
312
662
672
799
350
787
784
344
578
917
201
666
204
821
440
816
543
91
529
891
64
474
503
589
877
940
598
997
836
586
321
797
425
511
725
956
174
672
407
34
423
344
2
668
878
211
165
421
551
313
357
202
365
34
56
634
891
83
373
297
451
916
431
583
110
417
276
934
827
702
565
641
438
794
698
6
977
605
629
573
239
66
100
373
442
473
600
590
271
131
996
824
634
154
376
182
917
827
331
756
644
306
595
641
987
546
675
580
728
238
905
429
883
269
75
161
422
631
697
814
201
3
732
810
469
247
559
415
99
848
847
613
0
971
932
593
969
145
296
161
667
760
756
814
253
470
985
918
662
393
84
423
475
390
31
806
823
77
924
482
774
256
154
769
249
271
818
567
533
474
879
353
144
338
909
708
911
989
460
601
808
856
498
860
342
943
643
772
967
688
354
581
325
757
637
700
908
173
256
826
53
70
937
807
77
15
560
996
730
292
863
60
109
735
758
689
604
729
966
412
459
766
305
780
62
493
648
505
98
563
212
753
345
699
661
677
944
304
151
455
685
638
333
554
982
35
90
661
956
920
666
762
266
364
707
127
131
802
684
548
236
43
71
37
134
177
659
338
41
44
380
1
880
949
82
527
825
968
714
10
585
744
536
26
140
886
93
28
667
226
813
361
967
972
340
103
781
443
935
346
984
505
472
181
832
950
949
635
76
108
662
17
14
678
605
664
243
304
6
858
201
773
338
791
354
749
602
787
242
876
131
649
453
736
690
915
4
556
185
16
539
819
867
811
197
897
497
727
27
645
626
830
324
421
730
400
323
360
720
270
301
867
7
47
199
169
107
491
587
501
520
822
930
907
488
422
859
967
44
445
357
713
671
117
584
880
792
116
343
169
290
265
29
646
182
912
295
478
622
808
530
222
441
981
704
547
488
95
95
795
144
66
885
69
534
218
653
598
88
133
368
950
352
436
508
346
112
138
633
668
221
868
826
996
754
234
114
440
465
841
218
823
875
941
679
259
680
573
727
25
616
55
25
183
334
86
799
328
333
363
677
441
504
518
40
319
376
404
523
230
732
237
845
475
849
857
102
289
278
437
187
116
723
302
57
596
262
89
164
754
941
426
464
792
439
448
96
546
383
920
970
172
642
494
249
853
829
631
931
353
105
994
506
94
286
756
2
948
212
64
537
403
328
81
858
860
390
429
304
770
309
589
981
43
170
753
952
682
586
945
736
815
677
726
403
455
134
660
141
73
18
813
237
746
172
956
43
35
375
810
647
956
693
628
635
310
746
641
566
510
10
428
508
428
644
31
257
230
717
769
680
174
222
994
946
267
666
768
284
310
589
257
310
325
878
932
877
541
323
83
895
150
472
999
533
821
435
96
756
492
31
748
189
356
276
58
921
34
7
784
920
880
166
752
463
995
56
599
78
75
720
355
270
381
427
451
517
221
145
5
810
116
792
826
299
418
3
431
471
521
131
531
619
995
198
828
295
852
572
708
857
936
189
383
155
888
287
288
965
430
680
116
705
789
857
686
626
897
297
935
672
677
698
762
877
67
2
69
294
691
463
340
130
993
253
309
982
463
520
813
803
56
146
678
514
261
896
625
973
353
75
478
337
248
325
665
771
21
635
856
779
603
265
854
440
383
778
291
250
453
14
462
257
990
492
693
751
867
318
945
759
914
488
983
239
352
77
323
960
893
660
345
684
601
53
410
510
170
306
558
871
449
694
397
981
126
400
42
278
274
443
608
713
57
367
562
577
294
197
431
931
686
164
731
590
510
747
745
58
262
638
720
762
240
369
335
425
354
431
849
464
496
924
131
811
664
933
959
696
644
93
255
508
474
27
723
6
97
648
196
864
576
652
316
691
4
854
643
471
771
410
98
591
150
415
743
462
292
746
216
60
550
576
842
596
753
434
297
903
458
249
977
78
454
394
631
370
758
324
666
300
169
74
507
513
969
506
773
952
732
916
618
469
320
339
486
187
41
643
690
494
649
276
700
790
326
398
741
806
50
929
322
524
759
960
637
562
552
884
307
125
784
550
862
530
234
702
438
609
737
4
635
267
570
986
151
838
627
273
823
885
913
650
937
561
148
544
270
704
383
762
89
331
305
462
493
374
619
585
867
22
215
223
863
268
100
713
316
875
961
524
711
225
47
411
326
258
571
640
20
947
86
549
665
604
502
122
588
630
170
756
72
180
185
880
839
635
483
674
653
679
514
638
704
271
285
440
138
771
360
36
206
0
930
776
786
106
462
864
678
641
523
306
949
423
288
193
762
374
957
6
615
720
726
409
615
634
273
880
440
687
680
388
965
180
591
265
52
819
949
337
936
937
72
392
691
929
956
40
802
399
638
73
430
973
197
519
81
691
421
645
550
402
503
359
623
567
163
556
824
476
443
212
603
951
45
219
766
219
505
219
598
808
660
9
121
977
860
365
122
424
103
537
130
749
833
13
315
409
413
576
356
753
431
135
676
993
824
272
114
906
500
971
999
419
552
515
782
155
387
141
939
523
100
602
519
869
189
457
854
789
292
565
209
710
944
930
827
464
512
809
620
694
346
740
52
550
875
912
98
375
866
166
974
724
297
739
322
343
330
730
839
520
692
246
895
473
347
53
594
334
761
590
818
630
146
195
260
52
104
431
130
761
704
462
216
404
628
565
245
563
230
947
37
313
455
250
773
180
385
299
807
853
838
864
857
609
806
496
57
595
767
770
328
758
802
584
758
431
274
523
184
360
310
688
994
174
636
789
202
165
466
755
268
526
949
607
713
117
379
806
563
191
819
886
811
446
961
699
595
252
111
241
559
879
911
645
901
72
4
574
945
396
204
1000
686
330
811
3
649
241
678
63
574
987
285
42
892
106
555
914
691
244
400
145
904
708
25
506
718
837
810
998
808
166
210
564
852
189
471
183
929
913
119
996
805
286
140
110
848
28
441
858
275
304
741
317
703
248
273
102
539
321
787
548
546
30
129
631
74
686
376
209
778
412
832
385
382
844
444
114
952
579
127
508
403
695
261
607
476
349
129
800
208
808
413
483
14
995
935
992
857
37
702
309
596
120
6
588
587
384
722
30
738
513
185
270
760
141
72
992
116
172
401
135
193
664
423
760
563
954
462
250
829
312
913
362
416
518
499
299
852
394
602
834
533
538
916
309
716
174
954
186
479
329
956
715
701
253
560
197
687
379
208
274
929
902
594
636
622
438
682
570
998
152
700
799
228
125
266
122
634
726
309
505
213
249
697
352
41
87
592
909
930
262
361
902
834
238
515
767
905
564
549
73
732
9
747
42
304
579
993
377
425
971
358
972
857
809
797
459
253
239
563
969
26
294
98
897
637
766
957
3
478
183
65
622
390
920
980
327
104
342
75
984
349
427
583
677
163
208
166
691
968
994
310
336
309
314
121
148
784
160
278
685
538
190
775
934
929
227
773
104
359
568
386
425
79
296
424
392
701
94
188
833
527
761
213
31
353
990
448
129
248
799
741
979
978
330
643
649
166
697
517
817
964
925
600
340
0
58
231
428
677
942
695
947
353
227
212
555
878
759
455
600
965
476
576
868
345
709
171
597
284
793
764
440
998
667
364
347
768
320
453
748
33
671
191
758
566
772
60
560
893
18
161
559
510
381
312
381
59
537
742
314
559
215
596
289
2
946
709
127
110
905
85
321
781
532
335
302
851
111
836
781
101
565
775
450
33
310
341
86
869
133
221
805
363
682
275
56
506
370
715
751
892
199
373
742
585
228
668
813
579
218
697
196
549
275
478
616
435
140
742
818
565
177
815
566
407
957
112
118
795
824
428
258
410
751
747
83
605
289
585
864
172
474
897
464
520
54
473
1
802
549
350
665
947
206
168
849
230
136
614
77
941
529
24
489
956
108
28
11
578
700
570
762
723
72
36
584
692
19
264
109
79
983
81
209
25
372
721
174
947
181
855
563
72
357
226
157
618
921
870
143
159
777
667
187
863
683
577
824
530
937
204
202
13
874
501
7
495
437
307
105
233
696
120
276
906
391
966
189
341
276
455
660
506
289
213
86
881
356
597
896
938
914
284
759
323
118
647
327
437
24
7
258
581
964
786
293
510
747
297
291
226
302
442
161
118
844
813
813
88
677
801
375
160
334
167
173
132
787
99
133
288
125
257
570
782
227
450
607
339
626
569
788
92
9
163
786
920
502
564
517
444
178
781
372
928
49
487
720
654
100
300
323
46
845
190
817
673
221
322
928
502
637
834
697
276
382
68
560
600
661
542
792
414
995
519
460
859
815
382
743
116
647
131
208
740
401
250
380
130
955
853
734
288
355
514
58
695
728
421
16
200
176
519
563
95
768
155
844
109
982
288
122
947
852
728
256
131
384
35
263
316
744
619
562
946
139
319
516
143
272
247
52
949
744
947
226
584
807
989
784
271
429
978
973
201
698
555
70
686
248
407
356
162
494
457
565
698
190
405
144
859
999
531
38
349
517
183
44
590
496
739
268
522
759
848
599
245
697
725
630
779
68
839
955
124
230
847
299
24
870
799
529
318
748
658
181
515
992
970
790
307
949
54
940
23
732
466
697
684
103
572
770
162
539
20
526
165
883
547
782
183
257
52
91
299
561
115
129
763
123
157
627
533
918
273
261
573
955
354
814
544
393
473
921
672
226
711
724
6
314
477
782
986
974
168
678
184
273
437
841
439
713
686
266
32
951
430
946
502
822
30
45
703
975
918
92
191
66
838
657
616
609
851
372
819
232
756
376
517
361
398
687
17
23
812
346
163
797
514
624
824
699
303
998
570
163
828
108
864
121
854
407
954
599
560
724
924
163
452
605
806
34
462
816
428
662
584
79
737
67
981
772
635
368
804
982
17
401
134
95
556
575
338
791
963
649
812
158
916
369
584
438
581
584
480
763
649
702
574
144
138
139
507
879
764
709
782
477
561
724
593
211
567
985
848
381
815
687
7
441
561
745
84
183
701
974
632
308
542
63
851
823
699
314
2
875
673
643
145
830
790
486
859
637
590
788
19
772
402
489
880
333
803
534
657
212
908
685
627
591
936
135
208
398
309
223
869
799
602
320
748
206
48
322
805
810
928
44
927
92
81
210
875
384
30
651
190
42
630
815
147
468
971
652
647
792
288
491
505
726
974
555
931
805
368
374
98
909
951
444
676
778
665
165
787
985
610
235
426
660
43
416
547
124
677
820
94
454
504
633
71
938
38
519
311
299
643
759
15
588
812
556
263
585
668
865
640
665
653
473
869
106
373
98
795
931
819
695
391
513
740
220
492
344
778
676
826
550
65
284
518
966
406
328
677
855
796
291
827
636
46
654
957
299
449
866
674
559
977
805
511
156
311
285
720
161
50
973
15
557
807
426
570
856
583
838
247
34
693
439
487
594
724
490
472
120
512
214
226
340
885
28
42
280
939
976
241
829
995
275
571
663
944
541
715
256
611
296
254
442
933
88
143
767
187
676
208
737
273
480
447
872
22
722
917
377
861
466
837
184
675
59
119
5
643
339
891
84
886
297
773
281
261
846
585
208
288
703
887
185
212
428
237
884
444
90
380
681
202
111
589
887
983
350
264
225
590
604
506
158
895
317
780
910
90
419
3
352
247
924
317
198
140
102
593
345
871
820
230
552
599
859
142
90
785
905
879
419
672
161
757
437
426
466
509
357
242
154
373
804
930
864
818
286
2
918
54
827
25
947
285
128
58
899
209
367
327
657
639
342
905
99
204
504
35
492
48
88
941
817
86
391
369
786
877
61
932
2
404
106
223
991
114
209
80
576
333
876
877
404
824
861
616
240
587
302
754
28
193
22
54
621
838
464
543
505
67
825
557
799
612
36
200
325
19
398
27
549
895
792
627
745
345
663
877
856
903
117
48
95
555
797
594
517
757
438
398
449
216
386
560
903
27
650
211
807
255
497
741
191
369
973
845
264
46
204
177
640
720
820
40
854
904
289
447
720
795
596
122
976
815
150
478
162
834
521
356
647
512
148
407
253
838
886
270
982
235
920
367
929
755
341
962
602
782
378
380
491
353
132
671
932
688
443
761
17
738
377
176
545
642
724
680
768
747
780
768
26
477
672
823
167
693
417
867
29
345
962
277
174
172
456
540
470
903
91
75
100
918
956
483
57
635
464
46
209
914
108
222
590
638
458
891
635
257
568
598
717
475
226
632
474
464
733
791
111
942
251
865
77
221
120
450
226
850
879
446
896
789
201
690
101
169
362
561
408
530
337
995
889
126
161
295
990
292
687
325
58
111
488
147
743
611
215
951
457
488
378
136
652
962
187
799
676
649
763
399
586
528
776
358
411
930
323
462
997
211
647
410
759
212
104
583
365
860
679
139
641
323
172
814
715
920
170
398
799
575
784
727
756
16
174
159
44
45
858
923
482
148
844
450
718
448
721
765
282
497
905
294
533
679
407
983
889
61
646
454
263
402
999
55
716
589
53
3
947
267
762
548
420
534
961
13
566
597
102
789
745
8
348
902
380
654
561
568
955
950
182
206
361
834
384
763
442
983
398
842
420
370
404
38
312
691
928
107
366
421
242
48
10
275
893
993
792
603
82
791
326
823
336
559
320
359
529
24
312
651
138
432
915
720
287
912
962
464
974
698
182
336
685
297
692
279
452
731
871
864
284
281
959
354
830
737
993
47
82
997
572
586
892
53
279
117
67
753
514
106
919
492
891
324
110
953
346
40
841
250
587
729
481
449
504
659
971
180
794
585
461
246
52
388
942
465
261
909
819
701
732
411
727
955
242
98
159
648
327
821
874
738
403
684
388
100
719
555
328
700
892
566
802
428
148
590
479
119
259
333
555
195
529
97
302
586
179
518
517
45
870
564
736
778
152
875
756
306
124
71
653
869
642
32
165
221
28
224
82
624
321
128
989
971
758
443
537
448
396
257
237
885
446
599
586
931
164
841
265
522
908
205
51
678
280
264
995
505
111
648
457
455
400
379
553
294
234
168
607
935
154
713
323
292
351
579
420
575
637
491
669
954
85
933
408
432
860
822
814
792
783
612
419
917
850
626
666
465
25
568
524
799
344
175
559
337
553
682
182
994
268
331
180
178
907
466
60
902
438
830
183
907
364
584
129
352
178
210
250
553
977
901
930
428
801
243
586
835
783
56
123
711
128
944
119
8
512
765
717
722
517
524
909
921
335
315
580
612
50
884
496
397
499
14
145
367
865
486
231
403
887
517
412
75
788
710
801
616
840
290
636
37
732
35
485
326
804
671
331
757
536
656
878
841
